Cargo.lock
  h_4fc023ad4863a8 202,231,233,441,443,479,481,648,798,800,807,809,816,818,826,828,837,839,868,870,881,883,887,889,896,898,908,910,921,923,927,929,938,940,1322,1324,1377,1379,1454,1456,1469,1471,1479,1481,1485,1487,1496,1498,1502,1504,1508,1513,1515,1519,1521,1525,1527,1640,1642,1709,1711,1722,1724,1735,1737,1870,1872,2011,2013,2025,2027,2038,2040,2052,2054,2058,2060,2062,2073,2075,2079,2081,2169,2271,2320,2322,2365,2367,2390,2392,2477,2661,2663,2809,2851,2883,3260,3262,3294,3296,3312,3314,3479,3481,3488,3490,3500,3502,3538,3546,3548,3561,3718,3720,3987,3989,4291,4316,4348,4660,4662,4664,4680,4682,4752,4754,5069,5191,5288,5290,5360,5362,5373,5375,5383,5385,5393,5395,5406,5408,5452,5454,5457,5499,5501,5521,5523,5574,5576,5605,5607,5625,5627,5640,5642,5646,5648,5658,5660,5675,5685,5687,5700,5702,5712,5714,5724,5726,5737,5739,5748,5750,5761,5763,5769,5774,5776,5783,5785,6139,6141,6158,6250,6252,6261,6263,6272,6274,6278
---
{
  "schema_version": "authorship/3.0.0",
  "git_ai_version": "1.6.23",
  "base_commit_sha": "3f0b23b17f6244af201cc9a35673a7d625d42b0d",
  "prompts": {},
  "humans": {
    "h_4fc023ad4863a8": {
      "author": "Ethan Hann <ethanhann@gmail.com>"
    }
  }
}